 > -Z   1220.0000000000000                1
 2150924.0  2818385.6  1672.5058     1.0000  1671.5058 F    5000.0000
 2155196.5  2820983.0  1597.2837     1.0000  1596.2837 F    5000.0000
 2159468.9  2823580.3  1482.3671     1.0000  1481.3671 F    5000.0000
 2163834.4  2825574.0  1440.0686     1.0000  1439.0686 F    5000.0000
 2168690.8  2824384.2  1449.1965     1.0000  1448.1965 F    5000.0000
 2173547.1  2823194.3  1645.5699     1.0000  1644.5699 F    5000.0000
 2178403.5  2822004.4  1706.5607     1.0000  1705.5607 F    5000.0000
 2180595.2  2818256.0  1632.2496     1.0000  1631.2496 F    5000.0000
 2181586.8  2813355.3  1481.2429     1.0000  1480.2429 F    5000.0000
 2182578.5  2808454.7  1436.3865     1.0000  1435.3865 F    5000.0000
 2182598.2  2803526.3  1431.6124     1.0000  1430.6124 F    5000.0000
 2181887.4  2798577.1  1507.3774     1.0000  1506.3774 F    5000.0000
 2181176.6  2793627.8  1588.7368     1.0000  1587.7368 F    5000.0000
 2180465.7  2788678.6  1473.4818     1.0000  1472.4818 F    5000.0000
 2179754.9  2783729.4  1593.4317     1.0000  1592.4317 F    5000.0000
 2176521.9  2780300.0  1672.7103     1.0000  1671.7103 F    5000.0000
 2172478.2  2777359.2  1542.8684     1.0000  1541.8684 F    5000.0000
 2168059.5  2775609.1  1642.9819     1.0000  1641.9819 F    5000.0000
 2163060.3  2775701.5  1692.0729     1.0000  1691.0729 F    5000.0000
 2158061.2  2775793.8  1682.5485     1.0000  1681.5485 F    5000.0000
 2153062.0  2775886.2  1671.1086     1.0000  1670.1086 F    5000.0000
 2148771.4  2778217.9  1661.3498     1.0000  1660.3498 F    5000.0000
 2144629.0  2781017.9  1762.2974     1.0000  1761.2974 F    5000.0000
 2143443.0  2785794.6  1693.3402     1.0000  1692.3402 F    5000.0000
 2142438.6  2790692.7  1611.5732     1.0000  1610.5732 F    5000.0000
 2141434.0  2795590.7  1445.7335     1.0000  1444.7335 F    5000.0000
 2140832.4  2800531.2  1225.3510     1.0000  1224.3510 F    5000.0000
 2141138.3  2805417.2  1620.3459     1.0000  1619.3459 F    5000.0000
 2144150.0  2809408.4  1724.9983     1.0000  1723.9983 F    5000.0000
 2147161.7  2813399.7  1660.1264     1.0000  1659.1264 F    5000.0000
 2150173.4  2817390.9  1630.1631     1.0000  1629.1631 F    5000.0000
 > -Z   1240.0000000000000                2
 2150173.4  2817390.9  1630.1631     1.0000  1629.1631 F    5000.0000
 2150924.0  2818385.6  1672.5058     1.0000  1671.5058 F    5000.0000
 2155196.5  2820983.0  1597.2837     1.0000  1596.2837 F    5000.0000
 2159468.9  2823580.3  1482.3671     1.0000  1481.3671 F    5000.0000
 2163834.4  2825574.0  1440.0686     1.0000  1439.0686 F    5000.0000
 2168690.8  2824384.2  1449.1965     1.0000  1448.1965 F    5000.0000
 2173547.1  2823194.3  1645.5699     1.0000  1644.5699 F    5000.0000
 2178403.5  2822004.4  1706.5607     1.0000  1705.5607 F    5000.0000
 2180595.2  2818256.0  1632.2496     1.0000  1631.2496 F    5000.0000
 2181586.8  2813355.3  1481.2429     1.0000  1480.2429 F    5000.0000
 2182578.5  2808454.7  1436.3865     1.0000  1435.3865 F    5000.0000
 2182598.2  2803526.3  1431.6124     1.0000  1430.6124 F    5000.0000
 2181887.4  2798577.1  1507.3774     1.0000  1506.3774 F    5000.0000
 2181176.6  2793627.8  1588.7368     1.0000  1587.7368 F    5000.0000
 2180465.7  2788678.6  1473.4818     1.0000  1472.4818 F    5000.0000
 2179754.9  2783729.4  1593.4317     1.0000  1592.4317 F    5000.0000
 2176521.9  2780300.0  1672.7103     1.0000  1671.7103 F    5000.0000
 2172478.2  2777359.2  1542.8684     1.0000  1541.8684 F    5000.0000
 2168059.5  2775609.1  1642.9819     1.0000  1641.9819 F    5000.0000
 2163060.3  2775701.5  1692.0729     1.0000  1691.0729 F    5000.0000
 2158061.2  2775793.8  1682.5485     1.0000  1681.5485 F    5000.0000
 2153062.0  2775886.2  1671.1086     1.0000  1670.1086 F    5000.0000
 2148771.4  2778217.9  1661.3498     1.0000  1660.3498 F    5000.0000
 2144629.0  2781017.9  1762.2974     1.0000  1761.2974 F    5000.0000
 2143443.0  2785794.6  1693.3402     1.0000  1692.3402 F    5000.0000
 2142438.6  2790692.7  1611.5732     1.0000  1610.5732 F    5000.0000
 2141434.0  2795590.7  1445.7335     1.0000  1444.7335 F    5000.0000
 2140984.8  2800445.6  1239.9950    10.0915  1229.9035 F    5000.0000
 2141138.3  2805417.2  1620.3459     1.0000  1619.3459 F    5000.0000
 2144150.0  2809408.4  1724.9983     1.0000  1723.9983 F    5000.0000
 2147161.7  2813399.7  1660.1264     1.0000  1659.1264 F    5000.0000
 > -Z   1260.0000000000000                3
 2147161.7  2813399.7  1660.1264     1.0000  1659.1264 F    5000.0000
 2150173.4  2817390.9  1630.1631     1.0000  1629.1631 F    5000.0000
 2150924.0  2818385.6  1672.5058     1.0000  1671.5058 F    5000.0000
 2155196.5  2820983.0  1597.2837     1.0000  1596.2837 F    5000.0000
 2159468.9  2823580.3  1482.3671     1.0000  1481.3671 F    5000.0000
 2163834.4  2825574.0  1440.0686     1.0000  1439.0686 F    5000.0000
 2168690.8  2824384.2  1449.1965     1.0000  1448.1965 F    5000.0000
 2173547.1  2823194.3  1645.5699     1.0000  1644.5699 F    5000.0000
 2178403.5  2822004.4  1706.5607     1.0000  1705.5607 F    5000.0000
 2180595.2  2818256.0  1632.2496     1.0000  1631.2496 F    5000.0000
 2181586.8  2813355.3  1481.2429     1.0000  1480.2429 F    5000.0000
 2182578.5  2808454.7  1436.3865     1.0000  1435.3865 F    5000.0000
 2182598.2  2803526.3  1431.6124     1.0000  1430.6124 F    5000.0000
 2181887.4  2798577.1  1507.3774     1.0000  1506.3774 F    5000.0000
 2181176.6  2793627.8  1588.7368     1.0000  1587.7368 F    5000.0000
 2180465.7  2788678.6  1473.4818     1.0000  1472.4818 F    5000.0000
 2179754.9  2783729.4  1593.4317     1.0000  1592.4317 F    5000.0000
 2176521.9  2780300.0  1672.7103     1.0000  1671.7103 F    5000.0000
 2172478.2  2777359.2  1542.8684     1.0000  1541.8684 F    5000.0000
 2168059.5  2775609.1  1642.9819     1.0000  1641.9819 F    5000.0000
 2163060.3  2775701.5  1692.0729     1.0000  1691.0729 F    5000.0000
 2158061.2  2775793.8  1682.5485     1.0000  1681.5485 F    5000.0000
 2153062.0  2775886.2  1671.1086     1.0000  1670.1086 F    5000.0000
 2148771.4  2778217.9  1661.3498     1.0000  1660.3498 F    5000.0000
 2144629.0  2781017.9  1762.2974     1.0000  1761.2974 F    5000.0000
 2143443.0  2785794.6  1693.3402     1.0000  1692.3402 F    5000.0000
 2142438.6  2790692.7  1611.5732     1.0000  1610.5732 F    5000.0000
 2141434.0  2795590.7  1445.7335     1.0000  1444.7335 F    5000.0000
 2141138.3  2805417.2  1620.3459     1.0000  1619.3459 F    5000.0000
 2144150.0  2809408.4  1724.9983     1.0000  1723.9983 F    5000.0000
 > -Z   1280.0000000000000                4
 2144150.0  2809408.4  1724.9983     1.0000  1723.9983 F    5000.0000
 2147161.7  2813399.7  1660.1264     1.0000  1659.1264 F    5000.0000
 2150173.4  2817390.9  1630.1631     1.0000  1629.1631 F    5000.0000
 2150924.0  2818385.6  1672.5058     1.0000  1671.5058 F    5000.0000
 2155196.5  2820983.0  1597.2837     1.0000  1596.2837 F    5000.0000
 2159468.9  2823580.3  1482.3671     1.0000  1481.3671 F    5000.0000
 2163834.4  2825574.0  1440.0686     1.0000  1439.0686 F    5000.0000
 2168690.8  2824384.2  1449.1965     1.0000  1448.1965 F    5000.0000
 2173547.1  2823194.3  1645.5699     1.0000  1644.5699 F    5000.0000
 2178403.5  2822004.4  1706.5607     1.0000  1705.5607 F    5000.0000
 2180595.2  2818256.0  1632.2496     1.0000  1631.2496 F    5000.0000
 2181586.8  2813355.3  1481.2429     1.0000  1480.2429 F    5000.0000
 2182578.5  2808454.7  1436.3865     1.0000  1435.3865 F    5000.0000
 2182598.2  2803526.3  1431.6124     1.0000  1430.6124 F    5000.0000
 2181887.4  2798577.1  1507.3774     1.0000  1506.3774 F    5000.0000
 2181176.6  2793627.8  1588.7368     1.0000  1587.7368 F    5000.0000
 2180465.7  2788678.6  1473.4818     1.0000  1472.4818 F    5000.0000
 2179754.9  2783729.4  1593.4317     1.0000  1592.4317 F    5000.0000
 2176521.9  2780300.0  1672.7103     1.0000  1671.7103 F    5000.0000
 2172478.2  2777359.2  1542.8684     1.0000  1541.8684 F    5000.0000
 2168059.5  2775609.1  1642.9819     1.0000  1641.9819 F    5000.0000
 2163060.3  2775701.5  1692.0729     1.0000  1691.0729 F    5000.0000
 2158061.2  2775793.8  1682.5485     1.0000  1681.5485 F    5000.0000
 2153062.0  2775886.2  1671.1086     1.0000  1670.1086 F    5000.0000
 2148771.4  2778217.9  1661.3498     1.0000  1660.3498 F    5000.0000
 2144629.0  2781017.9  1762.2974     1.0000  1761.2974 F    5000.0000
 2143443.0  2785794.6  1693.3402     1.0000  1692.3402 F    5000.0000
 2142438.6  2790692.7  1611.5732     1.0000  1610.5732 F    5000.0000
 2141434.0  2795590.7  1445.7335     1.0000  1444.7335 F    5000.0000
 2141138.3  2805417.2  1620.3459     1.0000  1619.3459 F    5000.0000
 > -Z   1300.0000000000000                5
 2141138.3  2805417.2  1620.3459     1.0000  1619.3459 F    5000.0000
 2144150.0  2809408.4  1724.9983     1.0000  1723.9983 F    5000.0000
 2147161.7  2813399.7  1660.1264     1.0000  1659.1264 F    5000.0000
 2150173.4  2817390.9  1630.1631     1.0000  1629.1631 F    5000.0000
 2150924.0  2818385.6  1672.5058     1.0000  1671.5058 F    5000.0000
 2155196.5  2820983.0  1597.2837     1.0000  1596.2837 F    5000.0000
 2159468.9  2823580.3  1482.3671     1.0000  1481.3671 F    5000.0000
 2163834.4  2825574.0  1440.0686     1.0000  1439.0686 F    5000.0000
 2168690.8  2824384.2  1449.1965     1.0000  1448.1965 F    5000.0000
 2173547.1  2823194.3  1645.5699     1.0000  1644.5699 F    5000.0000
 2178403.5  2822004.4  1706.5607     1.0000  1705.5607 F    5000.0000
 2180595.2  2818256.0  1632.2496     1.0000  1631.2496 F    5000.0000
 2181586.8  2813355.3  1481.2429     1.0000  1480.2429 F    5000.0000
 2182578.5  2808454.7  1436.3865     1.0000  1435.3865 F    5000.0000
 2182598.2  2803526.3  1431.6124     1.0000  1430.6124 F    5000.0000
 2181887.4  2798577.1  1507.3774     1.0000  1506.3774 F    5000.0000
 2181176.6  2793627.8  1588.7368     1.0000  1587.7368 F    5000.0000
 2180465.7  2788678.6  1473.4818     1.0000  1472.4818 F    5000.0000
 2179754.9  2783729.4  1593.4317     1.0000  1592.4317 F    5000.0000
 2176521.9  2780300.0  1672.7103     1.0000  1671.7103 F    5000.0000
 2172478.2  2777359.2  1542.8684     1.0000  1541.8684 F    5000.0000
 2168059.5  2775609.1  1642.9819     1.0000  1641.9819 F    5000.0000
 2163060.3  2775701.5  1692.0729     1.0000  1691.0729 F    5000.0000
 2158061.2  2775793.8  1682.5485     1.0000  1681.5485 F    5000.0000
 2153062.0  2775886.2  1671.1086     1.0000  1670.1086 F    5000.0000
 2148771.4  2778217.9  1661.3498     1.0000  1660.3498 F    5000.0000
 2144629.0  2781017.9  1762.2974     1.0000  1761.2974 F    5000.0000
 2143443.0  2785794.6  1693.3402     1.0000  1692.3402 F    5000.0000
 2142438.6  2790692.7  1611.5732     1.0000  1610.5732 F    5000.0000
 2141434.0  2795590.7  1445.7335     1.0000  1444.7335 F    5000.0000
 > -Z   1320.0000000000000                6
 2141434.0  2795590.7  1445.7335     1.0000  1444.7335 F    5000.0000
 2141138.3  2805417.2  1620.3459     1.0000  1619.3459 F    5000.0000
 2144150.0  2809408.4  1724.9983     1.0000  1723.9983 F    5000.0000
 2147161.7  2813399.7  1660.1264     1.0000  1659.1264 F    5000.0000
 2150173.4  2817390.9  1630.1631     1.0000  1629.1631 F    5000.0000
 2150924.0  2818385.6  1672.5058     1.0000  1671.5058 F    5000.0000
 2155196.5  2820983.0  1597.2837     1.0000  1596.2837 F    5000.0000
 2159468.9  2823580.3  1482.3671     1.0000  1481.3671 F    5000.0000
 2163834.4  2825574.0  1440.0686     1.0000  1439.0686 F    5000.0000
 2168690.8  2824384.2  1449.1965     1.0000  1448.1965 F    5000.0000
 2173547.1  2823194.3  1645.5699     1.0000  1644.5699 F    5000.0000
 2178403.5  2822004.4  1706.5607     1.0000  1705.5607 F    5000.0000
 2180595.2  2818256.0  1632.2496     1.0000  1631.2496 F    5000.0000
 2181586.8  2813355.3  1481.2429     1.0000  1480.2429 F    5000.0000
 2182578.5  2808454.7  1436.3865     1.0000  1435.3865 F    5000.0000
 2182598.2  2803526.3  1431.6124     1.0000  1430.6124 F    5000.0000
 2181887.4  2798577.1  1507.3774     1.0000  1506.3774 F    5000.0000
 2181176.6  2793627.8  1588.7368     1.0000  1587.7368 F    5000.0000
 2180465.7  2788678.6  1473.4818     1.0000  1472.4818 F    5000.0000
 2179754.9  2783729.4  1593.4317     1.0000  1592.4317 F    5000.0000
 2176521.9  2780300.0  1672.7103     1.0000  1671.7103 F    5000.0000
 2172478.2  2777359.2  1542.8684     1.0000  1541.8684 F    5000.0000
 2168059.5  2775609.1  1642.9819     1.0000  1641.9819 F    5000.0000
 2163060.3  2775701.5  1692.0729     1.0000  1691.0729 F    5000.0000
 2158061.2  2775793.8  1682.5485     1.0000  1681.5485 F    5000.0000
 2153062.0  2775886.2  1671.1086     1.0000  1670.1086 F    5000.0000
 2148771.4  2778217.9  1661.3498     1.0000  1660.3498 F    5000.0000
 2144629.0  2781017.9  1762.2974     1.0000  1761.2974 F    5000.0000
 2143443.0  2785794.6  1693.3402     1.0000  1692.3402 F    5000.0000
 2142438.6  2790692.7  1611.5732     1.0000  1610.5732 F    5000.0000
 > -Z   1340.0000000000000                7
 2142438.6  2790692.7  1611.5732     1.0000  1610.5732 F    5000.0000
 2141434.0  2795590.7  1445.7335     1.0000  1444.7335 F    5000.0000
 2141138.3  2805417.2  1620.3459     1.0000  1619.3459 F    5000.0000
 2144150.0  2809408.4  1724.9983     1.0000  1723.9983 F    5000.0000
 2147161.7  2813399.7  1660.1264     1.0000  1659.1264 F    5000.0000
 2150173.4  2817390.9  1630.1631     1.0000  1629.1631 F    5000.0000
 2150924.0  2818385.6  1672.5058     1.0000  1671.5058 F    5000.0000
 2155196.5  2820983.0  1597.2837     1.0000  1596.2837 F    5000.0000
 2159468.9  2823580.3  1482.3671     1.0000  1481.3671 F    5000.0000
 2163834.4  2825574.0  1440.0686     1.0000  1439.0686 F    5000.0000
 2168690.8  2824384.2  1449.1965     1.0000  1448.1965 F    5000.0000
 2173547.1  2823194.3  1645.5699     1.0000  1644.5699 F    5000.0000
 2178403.5  2822004.4  1706.5607     1.0000  1705.5607 F    5000.0000
 2180595.2  2818256.0  1632.2496     1.0000  1631.2496 F    5000.0000
 2181586.8  2813355.3  1481.2429     1.0000  1480.2429 F    5000.0000
 2182578.5  2808454.7  1436.3865     1.0000  1435.3865 F    5000.0000
 2182598.2  2803526.3  1431.6124     1.0000  1430.6124 F    5000.0000
 2181887.4  2798577.1  1507.3774     1.0000  1506.3774 F    5000.0000
 2181176.6  2793627.8  1588.7368     1.0000  1587.7368 F    5000.0000
 2180465.7  2788678.6  1473.4818     1.0000  1472.4818 F    5000.0000
 2179754.9  2783729.4  1593.4317     1.0000  1592.4317 F    5000.0000
 2176521.9  2780300.0  1672.7103     1.0000  1671.7103 F    5000.0000
 2172478.2  2777359.2  1542.8684     1.0000  1541.8684 F    5000.0000
 2168059.5  2775609.1  1642.9819     1.0000  1641.9819 F    5000.0000
 2163060.3  2775701.5  1692.0729     1.0000  1691.0729 F    5000.0000
 2158061.2  2775793.8  1682.5485     1.0000  1681.5485 F    5000.0000
 2153062.0  2775886.2  1671.1086     1.0000  1670.1086 F    5000.0000
 2148771.4  2778217.9  1661.3498     1.0000  1660.3498 F    5000.0000
 2144629.0  2781017.9  1762.2974     1.0000  1761.2974 F    5000.0000
 2143443.0  2785794.6  1693.3402     1.0000  1692.3402 F    5000.0000
 > -Z   1360.0000000000000                8
 2143443.0  2785794.6  1693.3402     1.0000  1692.3402 F    5000.0000
 2142438.6  2790692.7  1611.5732     1.0000  1610.5732 F    5000.0000
 2141434.0  2795590.7  1445.7335     1.0000  1444.7335 F    5000.0000
 2141138.3  2805417.2  1620.3459     1.0000  1619.3459 F    5000.0000
 2144150.0  2809408.4  1724.9983     1.0000  1723.9983 F    5000.0000
 2147161.7  2813399.7  1660.1264     1.0000  1659.1264 F    5000.0000
 2150173.4  2817390.9  1630.1631     1.0000  1629.1631 F    5000.0000
 2150924.0  2818385.6  1672.5058     1.0000  1671.5058 F    5000.0000
 2155196.5  2820983.0  1597.2837     1.0000  1596.2837 F    5000.0000
 2159468.9  2823580.3  1482.3671     1.0000  1481.3671 F    5000.0000
 2163834.4  2825574.0  1440.0686     1.0000  1439.0686 F    5000.0000
 2168690.8  2824384.2  1449.1965     1.0000  1448.1965 F    5000.0000
 2173547.1  2823194.3  1645.5699     1.0000  1644.5699 F    5000.0000
 2178403.5  2822004.4  1706.5607     1.0000  1705.5607 F    5000.0000
 2180595.2  2818256.0  1632.2496     1.0000  1631.2496 F    5000.0000
 2181586.8  2813355.3  1481.2429     1.0000  1480.2429 F    5000.0000
 2182578.5  2808454.7  1436.3865     1.0000  1435.3865 F    5000.0000
 2182598.2  2803526.3  1431.6124     1.0000  1430.6124 F    5000.0000
 2181887.4  2798577.1  1507.3774     1.0000  1506.3774 F    5000.0000
 2181176.6  2793627.8  1588.7368     1.0000  1587.7368 F    5000.0000
 2180465.7  2788678.6  1473.4818     1.0000  1472.4818 F    5000.0000
 2179754.9  2783729.4  1593.4317     1.0000  1592.4317 F    5000.0000
 2176521.9  2780300.0  1672.7103     1.0000  1671.7103 F    5000.0000
 2172478.2  2777359.2  1542.8684     1.0000  1541.8684 F    5000.0000
 2168059.5  2775609.1  1642.9819     1.0000  1641.9819 F    5000.0000
 2163060.3  2775701.5  1692.0729     1.0000  1691.0729 F    5000.0000
 2158061.2  2775793.8  1682.5485     1.0000  1681.5485 F    5000.0000
 2153062.0  2775886.2  1671.1086     1.0000  1670.1086 F    5000.0000
 2148771.4  2778217.9  1661.3498     1.0000  1660.3498 F    5000.0000
 2144629.0  2781017.9  1762.2974     1.0000  1761.2974 F    5000.0000
 > -Z   1380.0000000000000                9
 2144629.0  2781017.9  1762.2974     1.0000  1761.2974 F    5000.0000
 2143443.0  2785794.6  1693.3402     1.0000  1692.3402 F    5000.0000
 2142438.6  2790692.7  1611.5732     1.0000  1610.5732 F    5000.0000
 2141434.0  2795590.7  1445.7335     1.0000  1444.7335 F    5000.0000
 2141138.3  2805417.2  1620.3459     1.0000  1619.3459 F    5000.0000
 2144150.0  2809408.4  1724.9983     1.0000  1723.9983 F    5000.0000
 2147161.7  2813399.7  1660.1264     1.0000  1659.1264 F    5000.0000
 2150173.4  2817390.9  1630.1631     1.0000  1629.1631 F    5000.0000
 2150924.0  2818385.6  1672.5058     1.0000  1671.5058 F    5000.0000
 2155196.5  2820983.0  1597.2837     1.0000  1596.2837 F    5000.0000
 2159468.9  2823580.3  1482.3671     1.0000  1481.3671 F    5000.0000
 2163834.4  2825574.0  1440.0686     1.0000  1439.0686 F    5000.0000
 2168690.8  2824384.2  1449.1965     1.0000  1448.1965 F    5000.0000
 2173547.1  2823194.3  1645.5699     1.0000  1644.5699 F    5000.0000
 2178403.5  2822004.4  1706.5607     1.0000  1705.5607 F    5000.0000
 2180595.2  2818256.0  1632.2496     1.0000  1631.2496 F    5000.0000
 2181586.8  2813355.3  1481.2429     1.0000  1480.2429 F    5000.0000
 2182578.5  2808454.7  1436.3865     1.0000  1435.3865 F    5000.0000
 2182598.2  2803526.3  1431.6124     1.0000  1430.6124 F    5000.0000
 2181887.4  2798577.1  1507.3774     1.0000  1506.3774 F    5000.0000
 2181176.6  2793627.8  1588.7368     1.0000  1587.7368 F    5000.0000
 2180465.7  2788678.6  1473.4818     1.0000  1472.4818 F    5000.0000
 2179754.9  2783729.4  1593.4317     1.0000  1592.4317 F    5000.0000
 2176521.9  2780300.0  1672.7103     1.0000  1671.7103 F    5000.0000
 2172478.2  2777359.2  1542.8684     1.0000  1541.8684 F    5000.0000
 2168059.5  2775609.1  1642.9819     1.0000  1641.9819 F    5000.0000
 2163060.3  2775701.5  1692.0729     1.0000  1691.0729 F    5000.0000
 2158061.2  2775793.8  1682.5485     1.0000  1681.5485 F    5000.0000
 2153062.0  2775886.2  1671.1086     1.0000  1670.1086 F    5000.0000
 2148771.4  2778217.9  1661.3498     1.0000  1660.3498 F    5000.0000
 > -Z   1400.0000000000000               10
 2148771.4  2778217.9  1661.3498     1.0000  1660.3498 F    5000.0000
 2144629.0  2781017.9  1762.2974     1.0000  1761.2974 F    5000.0000
 2143443.0  2785794.6  1693.3402     1.0000  1692.3402 F    5000.0000
 2142438.6  2790692.7  1611.5732     1.0000  1610.5732 F    5000.0000
 2141434.0  2795590.7  1445.7335     1.0000  1444.7335 F    5000.0000
 2141138.3  2805417.2  1620.3459     1.0000  1619.3459 F    5000.0000
 2144150.0  2809408.4  1724.9983     1.0000  1723.9983 F    5000.0000
 2147161.7  2813399.7  1660.1264     1.0000  1659.1264 F    5000.0000
 2150173.4  2817390.9  1630.1631     1.0000  1629.1631 F    5000.0000
 2150924.0  2818385.6  1672.5058     1.0000  1671.5058 F    5000.0000
 2155196.5  2820983.0  1597.2837     1.0000  1596.2837 F    5000.0000
 2159468.9  2823580.3  1482.3671     1.0000  1481.3671 F    5000.0000
 2163834.4  2825574.0  1440.0686     1.0000  1439.0686 F    5000.0000
 2168690.8  2824384.2  1449.1965     1.0000  1448.1965 F    5000.0000
 2173547.1  2823194.3  1645.5699     1.0000  1644.5699 F    5000.0000
 2178403.5  2822004.4  1706.5607     1.0000  1705.5607 F    5000.0000
 2180595.2  2818256.0  1632.2496     1.0000  1631.2496 F    5000.0000
 2181586.8  2813355.3  1481.2429     1.0000  1480.2429 F    5000.0000
 2182578.5  2808454.7  1436.3865     1.0000  1435.3865 F    5000.0000
 2182598.2  2803526.3  1431.6124     1.0000  1430.6124 F    5000.0000
 2181887.4  2798577.1  1507.3774     1.0000  1506.3774 F    5000.0000
 2181176.6  2793627.8  1588.7368     1.0000  1587.7368 F    5000.0000
 2180465.7  2788678.6  1473.4818     1.0000  1472.4818 F    5000.0000
 2179754.9  2783729.4  1593.4317     1.0000  1592.4317 F    5000.0000
 2176521.9  2780300.0  1672.7103     1.0000  1671.7103 F    5000.0000
 2172478.2  2777359.2  1542.8684     1.0000  1541.8684 F    5000.0000
 2168059.5  2775609.1  1642.9819     1.0000  1641.9819 F    5000.0000
 2163060.3  2775701.5  1692.0729     1.0000  1691.0729 F    5000.0000
 2158061.2  2775793.8  1682.5485     1.0000  1681.5485 F    5000.0000
 2153062.0  2775886.2  1671.1086     1.0000  1670.1086 F    5000.0000
 > -Z   1420.0000000000000               11
 2153062.0  2775886.2  1671.1086     1.0000  1670.1086 F    5000.0000
 2148771.4  2778217.9  1661.3498     1.0000  1660.3498 F    5000.0000
 2144629.0  2781017.9  1762.2974     1.0000  1761.2974 F    5000.0000
 2143443.0  2785794.6  1693.3402     1.0000  1692.3402 F    5000.0000
 2142438.6  2790692.7  1611.5732     1.0000  1610.5732 F    5000.0000
 2141434.0  2795590.7  1445.7335     1.0000  1444.7335 F    5000.0000
 2141138.3  2805417.2  1620.3459     1.0000  1619.3459 F    5000.0000
 2144150.0  2809408.4  1724.9983     1.0000  1723.9983 F    5000.0000
 2147161.7  2813399.7  1660.1264     1.0000  1659.1264 F    5000.0000
 2150173.4  2817390.9  1630.1631     1.0000  1629.1631 F    5000.0000
 2150924.0  2818385.6  1672.5058     1.0000  1671.5058 F    5000.0000
 2155196.5  2820983.0  1597.2837     1.0000  1596.2837 F    5000.0000
 2159468.9  2823580.3  1482.3671     1.0000  1481.3671 F    5000.0000
 2163834.4  2825574.0  1440.0686     1.0000  1439.0686 F    5000.0000
 2168690.8  2824384.2  1449.1965     1.0000  1448.1965 F    5000.0000
 2173547.1  2823194.3  1645.5699     1.0000  1644.5699 F    5000.0000
 2178403.5  2822004.4  1706.5607     1.0000  1705.5607 F    5000.0000
 2180595.2  2818256.0  1632.2496     1.0000  1631.2496 F    5000.0000
 2181586.8  2813355.3  1481.2429     1.0000  1480.2429 F    5000.0000
 2182578.5  2808454.7  1436.3865     1.0000  1435.3865 F    5000.0000
 2182598.2  2803526.3  1431.6124     1.0000  1430.6124 F    5000.0000
 2181887.4  2798577.1  1507.3774     1.0000  1506.3774 F    5000.0000
 2181176.6  2793627.8  1588.7368     1.0000  1587.7368 F    5000.0000
 2180465.7  2788678.6  1473.4818     1.0000  1472.4818 F    5000.0000
 2179754.9  2783729.4  1593.4317     1.0000  1592.4317 F    5000.0000
 2176521.9  2780300.0  1672.7103     1.0000  1671.7103 F    5000.0000
 2172478.2  2777359.2  1542.8684     1.0000  1541.8684 F    5000.0000
 2168059.5  2775609.1  1642.9819     1.0000  1641.9819 F    5000.0000
 2163060.3  2775701.5  1692.0729     1.0000  1691.0729 F    5000.0000
 2158061.2  2775793.8  1682.5485     1.0000  1681.5485 F    5000.0000
 > -Z   1440.0000000000000               12
 2158061.2  2775793.8  1682.5485     1.0000  1681.5485 F    5000.0000
 2153062.0  2775886.2  1671.1086     1.0000  1670.1086 F    5000.0000
 2148771.4  2778217.9  1661.3498     1.0000  1660.3498 F    5000.0000
 2144629.0  2781017.9  1762.2974     1.0000  1761.2974 F    5000.0000
 2143443.0  2785794.6  1693.3402     1.0000  1692.3402 F    5000.0000
 2142438.6  2790692.7  1611.5732     1.0000  1610.5732 F    5000.0000
 2141434.0  2795590.7  1445.7335     1.0000  1444.7335 F    5000.0000
 2141138.3  2805417.2  1620.3459     1.0000  1619.3459 F    5000.0000
 2144150.0  2809408.4  1724.9983     1.0000  1723.9983 F    5000.0000
 2147161.7  2813399.7  1660.1264     1.0000  1659.1264 F    5000.0000
 2150173.4  2817390.9  1630.1631     1.0000  1629.1631 F    5000.0000
 2150924.0  2818385.6  1672.5058     1.0000  1671.5058 F    5000.0000
 2155196.5  2820983.0  1597.2837     1.0000  1596.2837 F    5000.0000
 2159468.9  2823580.3  1482.3671     1.0000  1481.3671 F    5000.0000
 2163834.4  2825574.0  1440.0686     1.0000  1439.0686 F    5000.0000
 2168690.8  2824384.2  1449.1965     1.0000  1448.1965 F    5000.0000
 2173547.1  2823194.3  1645.5699     1.0000  1644.5699 F    5000.0000
 2178403.5  2822004.4  1706.5607     1.0000  1705.5607 F    5000.0000
 2180595.2  2818256.0  1632.2496     1.0000  1631.2496 F    5000.0000
 2181586.8  2813355.3  1481.2429     1.0000  1480.2429 F    5000.0000
 2182562.4  2808455.9  1440.0141     3.7964  1436.2178 F    5000.0000
 2182524.7  2803542.0  1439.9904     8.8992  1431.0911 F    5000.0000
 2181887.4  2798577.1  1507.3774     1.0000  1506.3774 F    5000.0000
 2181176.6  2793627.8  1588.7368     1.0000  1587.7368 F    5000.0000
 2180465.7  2788678.6  1473.4818     1.0000  1472.4818 F    5000.0000
 2179754.9  2783729.4  1593.4317     1.0000  1592.4317 F    5000.0000
 2176521.9  2780300.0  1672.7103     1.0000  1671.7103 F    5000.0000
 2172478.2  2777359.2  1542.8684     1.0000  1541.8684 F    5000.0000
 2168059.5  2775609.1  1642.9819     1.0000  1641.9819 F    5000.0000
 2163060.3  2775701.5  1692.0729     1.0000  1691.0729 F    5000.0000
 > -Z   1460.0000000000000               13
 2163060.3  2775701.5  1692.0729     1.0000  1691.0729 F    5000.0000
 2158061.2  2775793.8  1682.5485     1.0000  1681.5485 F    5000.0000
 2153062.0  2775886.2  1671.1086     1.0000  1670.1086 F    5000.0000
 2148771.4  2778217.9  1661.3498     1.0000  1660.3498 F    5000.0000
 2144629.0  2781017.9  1762.2974     1.0000  1761.2974 F    5000.0000
 2143443.0  2785794.6  1693.3402     1.0000  1692.3402 F    5000.0000
 2142438.6  2790692.7  1611.5732     1.0000  1610.5732 F    5000.0000
 2141660.4  2795630.0  1460.0384    17.5527  1442.4856 F    5000.0000
 2141138.3  2805417.2  1620.3459     1.0000  1619.3459 F    5000.0000
 2144150.0  2809408.4  1724.9983     1.0000  1723.9983 F    5000.0000
 2147161.7  2813399.7  1660.1264     1.0000  1659.1264 F    5000.0000
 2150173.4  2817390.9  1630.1631     1.0000  1629.1631 F    5000.0000
 2150924.0  2818385.6  1672.5058     1.0000  1671.5058 F    5000.0000
 2155196.5  2820983.0  1597.2837     1.0000  1596.2837 F    5000.0000
 2159468.9  2823580.3  1482.3671     1.0000  1481.3671 F    5000.0000
 2163573.0  2825170.4  1460.0158    27.6946  1432.3213 F    5000.0000
 2168686.6  2824274.4  1460.0317     9.6702  1450.3615 F    5000.0000
 2173547.1  2823194.3  1645.5699     1.0000  1644.5699 F    5000.0000
 2178403.5  2822004.4  1706.5607     1.0000  1705.5607 F    5000.0000
 2180595.2  2818256.0  1632.2496     1.0000  1631.2496 F    5000.0000
 2181586.8  2813355.3  1481.2429     1.0000  1480.2429 F    5000.0000
 2182344.6  2808613.6  1459.9847    10.9405  1449.0443 F    5000.0000
 2181962.7  2803770.8  1460.0059    24.8655  1435.1404 F    5000.0000
 2181887.4  2798577.1  1507.3774     1.0000  1506.3774 F    5000.0000
 2181176.6  2793627.8  1588.7368     1.0000  1587.7368 F    5000.0000
 2180465.7  2788678.6  1473.4818     1.0000  1472.4818 F    5000.0000
 2179754.9  2783729.4  1593.4317     1.0000  1592.4317 F    5000.0000
 2176521.9  2780300.0  1672.7103     1.0000  1671.7103 F    5000.0000
 2172478.2  2777359.2  1542.8684     1.0000  1541.8684 F    5000.0000
 2168059.5  2775609.1  1642.9819     1.0000  1641.9819 F    5000.0000
 > -Z   1480.0000000000000               14
 2168059.5  2775609.1  1642.9819     1.0000  1641.9819 F    5000.0000
 2163060.3  2775701.5  1692.0729     1.0000  1691.0729 F    5000.0000
 2158061.2  2775793.8  1682.5485     1.0000  1681.5485 F    5000.0000
 2153062.0  2775886.2  1671.1086     1.0000  1670.1086 F    5000.0000
 2148771.4  2778217.9  1661.3498     1.0000  1660.3498 F    5000.0000
 2144629.0  2781017.9  1762.2974     1.0000  1761.2974 F    5000.0000
 2143443.0  2785794.6  1693.3402     1.0000  1692.3402 F    5000.0000
 2142438.6  2790692.7  1611.5732     1.0000  1610.5732 F    5000.0000
 2142770.1  2795835.6  1479.9730    45.8855  1434.0875 F    5000.0000
 2141138.3  2805417.2  1620.3459     1.0000  1619.3459 F    5000.0000
 2144150.0  2809408.4  1724.9983     1.0000  1723.9983 F    5000.0000
 2147161.7  2813399.7  1660.1264     1.0000  1659.1264 F    5000.0000
 2150173.4  2817390.9  1630.1631     1.0000  1629.1631 F    5000.0000
 2150924.0  2818385.6  1672.5058     1.0000  1671.5058 F    5000.0000
 2155196.5  2820983.0  1597.2837     1.0000  1596.2837 F    5000.0000
 2159468.9  2823580.3  1482.3671     1.0000  1481.3671 F    5000.0000
 2163863.5  2824129.1  1479.9933    25.0139  1454.9793 F    5000.0000
 2168771.1  2823784.0  1479.9935    16.9276  1463.0658 F    5000.0000
 2173547.1  2823194.3  1645.5699     1.0000  1644.5699 F    5000.0000
 2178403.5  2822004.4  1706.5607     1.0000  1705.5607 F    5000.0000
 2180595.2  2818256.0  1632.2496     1.0000  1631.2496 F    5000.0000
 2181586.8  2813355.3  1481.2429     1.0000  1480.2429 F    5000.0000
 2182034.4  2808834.8  1480.0306    12.6741  1467.3565 F    5000.0000
 2181046.4  2804088.9  1480.0302    29.0257  1451.0046 F    5000.0000
 2181887.4  2798577.1  1507.3774     1.0000  1506.3774 F    5000.0000
 2181176.6  2793627.8  1588.7368     1.0000  1587.7368 F    5000.0000
 2180414.4  2788685.6  1479.9852     7.9447  1472.0405 F    5000.0000
 2179754.9  2783729.4  1593.4317     1.0000  1592.4317 F    5000.0000
 2176521.9  2780300.0  1672.7103     1.0000  1671.7103 F    5000.0000
 2172478.2  2777359.2  1542.8684     1.0000  1541.8684 F    5000.0000
 > -Z   1500.0000000000000               15
 2172478.2  2777359.2  1542.8684     1.0000  1541.8684 F    5000.0000
 2168059.5  2775609.1  1642.9819     1.0000  1641.9819 F    5000.0000
 2163060.3  2775701.5  1692.0729     1.0000  1691.0729 F    5000.0000
 2158061.2  2775793.8  1682.5485     1.0000  1681.5485 F    5000.0000
 2153062.0  2775886.2  1671.1086     1.0000  1670.1086 F    5000.0000
 2148771.4  2778217.9  1661.3498     1.0000  1660.3498 F    5000.0000
 2144629.0  2781017.9  1762.2974     1.0000  1761.2974 F    5000.0000
 2143443.0  2785794.6  1693.3402     1.0000  1692.3402 F    5000.0000
 2142438.6  2790692.7  1611.5732     1.0000  1610.5732 F    5000.0000
 2144819.9  2796019.7  1499.9852    65.8453  1434.1399 F    5000.0000
 2141138.3  2805417.2  1620.3459     1.0000  1619.3459 F    5000.0000
 2144150.0  2809408.4  1724.9983     1.0000  1723.9983 F    5000.0000
 2147161.7  2813399.7  1660.1264     1.0000  1659.1264 F    5000.0000
 2150173.4  2817390.9  1630.1631     1.0000  1629.1631 F    5000.0000
 2150924.0  2818385.6  1672.5058     1.0000  1671.5058 F    5000.0000
 2155196.5  2820983.0  1597.2837     1.0000  1596.2837 F    5000.0000
 2159705.2  2823561.3  1499.9922    17.2596  1482.7325 F    5000.0000
 2164297.6  2823731.6  1500.0085    21.9068  1478.1017 F    5000.0000
 2168993.8  2823216.8  1499.9760    18.9759  1481.0000 F    5000.0000
 2173547.1  2823194.3  1645.5699     1.0000  1644.5699 F    5000.0000
 2178403.5  2822004.4  1706.5607     1.0000  1705.5607 F    5000.0000
 2180595.2  2818256.0  1632.2496     1.0000  1631.2496 F    5000.0000
 2181343.5  2813438.0  1500.0036    13.1585  1486.8452 F    5000.0000
 2181709.3  2809098.6  1499.9868    13.6825  1486.3043 F    5000.0000
 2179937.1  2804338.5  1500.0062    36.6710  1463.3352 F    5000.0000
 2181887.4  2798577.1  1507.3774     1.0000  1506.3774 F    5000.0000
 2181176.6  2793627.8  1588.7368     1.0000  1587.7368 F    5000.0000
 2179706.2  2788803.8  1500.0492    32.4843  1467.5649 F    5000.0000
 2179754.9  2783729.4  1593.4317     1.0000  1592.4317 F    5000.0000
 2176521.9  2780300.0  1672.7103     1.0000  1671.7103 F    5000.0000
 > -Z   1520.0000000000000               16
 2176521.9  2780300.0  1672.7103     1.0000  1671.7103 F    5000.0000
 2172478.2  2777359.2  1542.8684     1.0000  1541.8684 F    5000.0000
 2168059.5  2775609.1  1642.9819     1.0000  1641.9819 F    5000.0000
 2163060.3  2775701.5  1692.0729     1.0000  1691.0729 F    5000.0000
 2158061.2  2775793.8  1682.5485     1.0000  1681.5485 F    5000.0000
 2153062.0  2775886.2  1671.1086     1.0000  1670.1086 F    5000.0000
 2148771.4  2778217.9  1661.3498     1.0000  1660.3498 F    5000.0000
 2144629.0  2781017.9  1762.2974     1.0000  1761.2974 F    5000.0000
 2143443.0  2785794.6  1693.3402     1.0000  1692.3402 F    5000.0000
 2142438.6  2790692.7  1611.5732     1.0000  1610.5732 F    5000.0000
 2146544.5  2795328.1  1520.0014    42.1789  1477.8225 F    5000.0000
 2142979.1  2800718.5  1560.1656   141.2510  1418.9145 F    5000.0000
 2141138.3  2805417.2  1620.3459     1.0000  1619.3459 F    5000.0000
 2144150.0  2809408.4  1724.9983     1.0000  1723.9983 F    5000.0000
 2147161.7  2813399.7  1660.1264     1.0000  1659.1264 F    5000.0000
 2150173.4  2817390.9  1630.1631     1.0000  1629.1631 F    5000.0000
 2150924.0  2818385.6  1672.5058     1.0000  1671.5058 F    5000.0000
 2155196.5  2820983.0  1597.2837     1.0000  1596.2837 F    5000.0000
 2160260.7  2823411.8  1520.0089    26.0810  1493.9279 F    5000.0000
 2164690.6  2823425.1  1519.9745    20.6264  1499.3481 F    5000.0000
 2169292.3  2822653.0  1519.9974    20.9490  1499.0484 F    5000.0000
 2173547.1  2823194.3  1645.5699     1.0000  1644.5699 F    5000.0000
 2178403.5  2822004.4  1706.5607     1.0000  1705.5607 F    5000.0000
 2180595.2  2818256.0  1632.2496     1.0000  1631.2496 F    5000.0000
 2180768.4  2813587.8  1519.9782    21.1504  1498.8278 F    5000.0000
 2181362.9  2809402.3  1519.9842    14.9979  1504.9862 F    5000.0000
 2178900.3  2804690.1  1520.0197    21.9246  1498.0951 F    5000.0000
 2181813.1  2798429.2  1520.0259    12.7187  1507.3072 F    5000.0000
 2181176.6  2793627.8  1588.7368     1.0000  1587.7368 F    5000.0000
 2177928.1  2788941.3  1520.0132    70.1980  1449.8152 F    5000.0000
 2179754.9  2783729.4  1593.4317     1.0000  1592.4317 F    5000.0000
 > -Z   1540.0000000000000               17
 2179754.9  2783729.4  1593.4317     1.0000  1592.4317 F    5000.0000
 2176521.9  2780300.0  1672.7103     1.0000  1671.7103 F    5000.0000
 2172478.2  2777359.2  1542.8684     1.0000  1541.8684 F    5000.0000
 2168059.5  2775609.1  1642.9819     1.0000  1641.9819 F    5000.0000
 2163060.3  2775701.5  1692.0729     1.0000  1691.0729 F    5000.0000
 2158061.2  2775793.8  1682.5485     1.0000  1681.5485 F    5000.0000
 2153062.0  2775886.2  1671.1086     1.0000  1670.1086 F    5000.0000
 2148771.4  2778217.9  1661.3498     1.0000  1660.3498 F    5000.0000
 2144629.0  2781017.9  1762.2974     1.0000  1761.2974 F    5000.0000
 2143443.0  2785794.6  1693.3402     1.0000  1692.3402 F    5000.0000
 2142438.6  2790692.7  1611.5732     1.0000  1610.5732 F    5000.0000
 2147020.7  2794606.3  1540.0430    30.3467  1509.6962 F    5000.0000
 2142979.1  2800718.5  1560.1656   141.2510  1418.9145 F    5000.0000
 2141138.3  2805417.2  1620.3459     1.0000  1619.3459 F    5000.0000
 2144150.0  2809408.4  1724.9983     1.0000  1723.9983 F    5000.0000
 2147161.7  2813399.7  1660.1264     1.0000  1659.1264 F    5000.0000
 2150173.4  2817390.9  1630.1631     1.0000  1629.1631 F    5000.0000
 2150924.0  2818385.6  1672.5058     1.0000  1671.5058 F    5000.0000
 2155196.5  2820983.0  1597.2837     1.0000  1596.2837 F    5000.0000
 2160911.1  2823190.4  1540.0008    28.1099  1511.8910 F    5000.0000
 2165065.8  2823156.0  1540.0322    20.3238  1519.7084 F    5000.0000
 2169640.9  2822052.0  1539.9872    22.8341  1517.1530 F    5000.0000
 2173547.1  2823194.3  1645.5699     1.0000  1644.5699 F    5000.0000
 2178403.5  2822004.4  1706.5607     1.0000  1705.5607 F    5000.0000
 2180595.2  2818256.0  1632.2496     1.0000  1631.2496 F    5000.0000
 2179821.5  2813681.6  1539.9814    34.2182  1505.7631 F    5000.0000
 2180956.2  2809736.1  1539.9668    17.0918  1522.8750 F    5000.0000
 2178560.5  2805083.3  1540.0232    20.3252  1519.6980 F    5000.0000
 2181409.1  2797797.0  1539.9633    21.2168  1518.7465 F    5000.0000
 2181176.6  2793627.8  1588.7368     1.0000  1587.7368 F    5000.0000
 2174482.2  2788790.3  1539.9733   116.1628  1423.8104 F    5000.0000
 > -Z   1560.0000000000000               18
 2168795.9  2786628.2  1560.0396   191.2294  1368.8102 F    5000.0000
 2179754.9  2783729.4  1593.4317     1.0000  1592.4317 F    5000.0000
 2176521.9  2780300.0  1672.7103     1.0000  1671.7103 F    5000.0000
 2172330.8  2777720.8  1560.0349    28.1285  1531.9064 F    5000.0000
 2168059.5  2775609.1  1642.9819     1.0000  1641.9819 F    5000.0000
 2163060.3  2775701.5  1692.0729     1.0000  1691.0729 F    5000.0000
 2158061.2  2775793.8  1682.5485     1.0000  1681.5485 F    5000.0000
 2153062.0  2775886.2  1671.1086     1.0000  1670.1086 F    5000.0000
 2148771.4  2778217.9  1661.3498     1.0000  1660.3498 F    5000.0000
 2144629.0  2781017.9  1762.2974     1.0000  1761.2974 F    5000.0000
 2143443.0  2785794.6  1693.3402     1.0000  1692.3402 F    5000.0000
 2142438.6  2790692.7  1611.5732     1.0000  1610.5732 F    5000.0000
 2147354.1  2794076.2  1559.9669    20.8501  1539.1168 F    5000.0000
 2142979.1  2800718.5  1560.1656   141.2510  1418.9145 F    5000.0000
 2141138.3  2805417.2  1620.3459     1.0000  1619.3459 F    5000.0000
 2144150.0  2809408.4  1724.9983     1.0000  1723.9983 F    5000.0000
 2147161.7  2813399.7  1660.1264     1.0000  1659.1264 F    5000.0000
 2150173.4  2817390.9  1630.1631     1.0000  1629.1631 F    5000.0000
 2150924.0  2818385.6  1672.5058     1.0000  1671.5058 F    5000.0000
 2155196.5  2820983.0  1597.2837     1.0000  1596.2837 F    5000.0000
 2161552.8  2822951.0  1559.9669    27.4828  1532.4842 F    5000.0000
 2165428.3  2822905.3  1559.9966    21.2865  1538.7101 F    5000.0000
 2170006.7  2821370.0  1560.0179    23.5415  1536.4764 F    5000.0000
 2173547.1  2823194.3  1645.5699     1.0000  1644.5699 F    5000.0000
 2178403.5  2822004.4  1706.5607     1.0000  1705.5607 F    5000.0000
 2180595.2  2818256.0  1632.2496     1.0000  1631.2496 F    5000.0000
 2178706.6  2813942.6  1559.9548    27.4136  1532.5412 F    5000.0000
 2180381.2  2810056.4  1560.0189    22.0317  1537.9872 F    5000.0000
 2178301.3  2805520.5  1559.9889    21.8263  1538.1626 F    5000.0000
 2180597.0  2797300.8  1559.9990    23.9617  1536.0373 F    5000.0000
 2181176.6  2793627.8  1588.7368     1.0000  1587.7368 F    5000.0000
 > -Z   1580.0000000000000               19
 2181176.6  2793627.8  1588.7368     1.0000  1587.7368 F    5000.0000
 2174205.5  2791560.6  1579.9727   173.3747  1406.5979 F    5000.0000
 2167048.2  2788246.1  1580.0120    66.7859  1513.2260 F    5000.0000
 2174106.5  2784450.2  1579.9607   127.4100  1452.5507 F    5000.0000
 2179754.9  2783729.4  1593.4317     1.0000  1592.4317 F    5000.0000
 2176521.9  2780300.0  1672.7103     1.0000  1671.7103 F    5000.0000
 2170791.2  2780443.6  1580.0125   186.3318  1393.6806 F    5000.0000
 2168059.5  2775609.1  1642.9819     1.0000  1641.9819 F    5000.0000
 2163060.3  2775701.5  1692.0729     1.0000  1691.0729 F    5000.0000
 2158061.2  2775793.8  1682.5485     1.0000  1681.5485 F    5000.0000
 2153062.0  2775886.2  1671.1086     1.0000  1670.1086 F    5000.0000
 2148771.4  2778217.9  1661.3498     1.0000  1660.3498 F    5000.0000
 2144629.0  2781017.9  1762.2974     1.0000  1761.2974 F    5000.0000
 2143443.0  2785794.6  1693.3402     1.0000  1692.3402 F    5000.0000
